camera_matrix:
- - 1834.8591197155615
  - 0.0
  - 526.2525845039364
- - 0.0
  - 1820.4842257955868
  - 308.6409883440916
- - 0.0
  - 0.0
  - 1.0
dist_coeff:
- - -0.396668064905653
  - 6.695845554662699
  - 0.006818696416859941
  - -0.006680442258641313
  - -34.81052280855841
rvecs:
- - - 0.024318620298739792
  - - 0.09596271583104336
  - - 0.36700561485207384
- - - -0.09376943521587038
  - - 0.13420084792218057
  - - -0.005488797986054185
- - - -0.062456542891191555
  - - 0.12864938462981215
  - - -0.0007150611564518758
- - - -0.04218421409493195
  - - -0.001860034265787916
  - - 0.011318023834739418
- - - -0.036506218947478304
  - - 0.0021653066557754007
  - - -0.0007694436648571035
- - - -0.033916753694056424
  - - 0.014803403587451918
  - - 0.21307844471679813
- - - 0.02745829128971619
  - - -0.024149972918094457
  - - -0.3001340291335964
- - - -0.0179485072852832
  - - 0.12125284726285614
  - - 0.007566973451117293
tvecs:
- - - 0.4378157993691942
  - - -1.4899795426249063
  - - 31.775965955487322
- - - -1.5066558031178143
  - - -1.0156080713253655
  - - 29.952151191788843
- - - 0.09318432663498875
  - - -1.6666165294092397
  - - 30.129152734190637
- - - -2.3439424850859236
  - - -2.3392929451175295
  - - 21.061253132409327
- - - -1.8745220300448548
  - - 0.46598271619992737
  - - 37.08139706123355
- - - -0.8340717929406539
  - - 0.05418612387228226
  - - 36.25021290403303
- - - -2.5487959560437896
  - - 2.265562234367164
  - - 36.942324228800175
- - - -0.9772583437352012
  - - 0.6063216522303478
  - - 39.42361814237104
